m 21.652,25.665001
h 14.917
v 15.25
H 21.652
Z

m 18.974999,0
h 14.917
v 15.25
h -14.917
z

m 19.035,0
h 14.917
v 15.25
h -14.917
z

m 18.975002,0
h 14.917
v 15.25
h -14.917
z

m 18.979996,0
H 112.534
v 15.25
H 97.616997
Z

m 19.033003,0
h 14.917
v 15.25
H 116.65
Z

m 18.98,0
h 14.917
v 15.25
H 135.63
Z

m 19.03,0
h 14.917
v 15.25
H 154.66
Z

m 18.98,0
h 14.917
v 15.25
H 173.64
Z

m 18.98,0
h 14.91699
v 15.25
H 192.62
Z

m 19.02999,0
h 14.917
v 15.25
h -14.917
z

m 18.98001,0
h 14.917
v 15.25
H 230.63
Z

M 248.83,22.816
h 34.754
V 40.914
H 248.83
Z

m 42.08,2.848
h 14.917
v 15.25
H 290.91
Z

m 18.97,-0.004
h 14.917
V 40.91
H 309.88
Z

M 2.7302999,3.1965001
H 17.6473
V 18.4465
H 2.7302999
Z

M 40.681,3.2004001
H 55.598
V 18.4504
H 40.681
Z

m 18.974998,-0.0044
h 14.917
V 18.446
h -14.917
z

m 18.974999,0
h 14.917
V 18.446
h -14.917
z

m 19.035003,0
h 14.917
V 18.446
H 97.666
Z

m 28.384,0.0044
h 14.917
V 18.4504
H 126.05
Z

m 18.97,-0.0044
h 14.917
V 18.446
H 145.02
Z

m 18.98,0
h 14.917
V 18.446
H 164
Z

m 19.03,0
h 14.917
V 18.446
H 183.03
Z

m 28.38,0.0044
h 14.917
V 18.4504
H 211.41
Z

m 18.98,-0.0044
h 14.917
V 18.446
H 230.39
Z

m 18.97,0
h 14.917
V 18.446
H 249.36
Z

m 19.03999,0
h 14.917
V 18.446
h -14.917
z

m 22.49002,0.0044
h 14.917
V 18.4504
h -14.917
z

m 18.96998,-0.0044
h 14.917
V 18.446
h -14.917
z

m 18.98001,0
h 14.917
V 18.446
H 328.84
Z

M 306.2636,64.799004
h 3.3898
c 1.94653,0 3.5136,1.567065 3.5136,3.5136
v 9.9e-5
c 0,1.946535 -1.56707,3.5136 -3.5136,3.5136
h -3.3898
c -1.94653,0 -3.5136,-1.567065 -3.5136,-3.5136
v -9.9e-5
c 0,-1.946535 1.56707,-3.5136 3.5136,-3.5136
z

M 168.14999,68.555
a 1.5,1.5 0 0 1 -1.5,1.5 1.5,1.5 0 0 1 -1.5,-1.5 1.5,1.5 0 0 1 1.5,-1.5 1.5,1.5 0 0 1 1.5,1.5
z

M 7.6739998,71.281998
a 1.5,1.5 0 0 1 -1.5,1.5 1.5,1.5 0 0 1 -1.5,-1.5 1.5,1.5 0 0 1 1.5,-1.5 1.5,1.5 0 0 1 1.5,1.5
z

M 26.608999,101.57
a 2.5,2.5 0 0 1 -2.5,2.5 2.5,2.5 0 0 1 -2.5,-2.5 2.5,2.5 0 0 1 2.5,-2.5 2.5,2.5 0 0 1 2.5,2.5
z

M 106.31,56.328999
a 1.5,1.5 0 0 1 -1.5,1.5 1.5,1.5 0 0 1 -1.5,-1.5 1.5,1.5 0 0 1 1.5,-1.5 1.5,1.5 0 0 1 1.5,1.5
z

m 133.03,0
a 1.5,1.5 0 0 1 -1.5,1.5 1.5,1.5 0 0 1 -1.5,-1.5 1.5,1.5 0 0 1 1.5,-1.5 1.5,1.5 0 0 1 1.5,1.5
z

M 328.35001,52
a 1.5,1.5 0 0 1 -1.5,1.5 1.5,1.5 0 0 1 -1.5,-1.5 1.5,1.5 0 0 1 1.5,-1.5 1.5,1.5 0 0 1 1.5,1.5
z

M 335.16,86.580002
a 2.5,2.5 0 0 1 -2.5,2.5 2.5,2.5 0 0 1 -2.5,-2.5 2.5,2.5 0 0 1 2.5,-2.5 2.5,2.5 0 0 1 2.5,2.5
z

M 328.35001,112.81
a 1.5,1.5 0 0 1 -1.5,1.5 1.5,1.5 0 0 1 -1.5,-1.5 1.5,1.5 0 0 1 1.5,-1.5 1.5,1.5 0 0 1 1.5,1.5
z

m -64.93,0
a 1.5,1.5 0 0 1 -1.5,1.5 1.5,1.5 0 0 1 -1.5,-1.5 1.5,1.5 0 0 1 1.5,-1.5 1.5,1.5 0 0 1 1.5,1.5
z

m -47.79001,0
a 1.5,1.5 0 0 1 -1.5,1.5 1.5,1.5 0 0 1 -1.5,-1.5 1.5,1.5 0 0 1 1.5,-1.5 1.5,1.5 0 0 1 1.5,1.5
z

m -61.66999,0
a 1.5,1.5 0 0 1 -1.5,1.5 1.5,1.5 0 0 1 -1.5,-1.5 1.5,1.5 0 0 1 1.5,-1.5 1.5,1.5 0 0 1 1.5,1.5
z

m -33.26001,0
a 1.5,1.5 0 0 1 -1.5,1.5 1.5,1.5 0 0 1 -1.5,-1.5 1.5,1.5 0 0 1 1.5,-1.5 1.5,1.5 0 0 1 1.5,1.5
z

m -47.628001,0
a 1.5,1.5 0 0 1 -1.5,1.5 1.5,1.5 0 0 1 -1.5,-1.5 1.5,1.5 0 0 1 1.5,-1.5 1.5,1.5 0 0 1 1.5,1.5
z

m -47.463,0
a 1.5,1.5 0 0 1 -1.5,1.5 1.5,1.5 0 0 1 -1.5,-1.5 1.5,1.5 0 0 1 1.5,-1.5 1.5,1.5 0 0 1 1.5,1.5
z

M 328.35001,7.4101
a 1.5,1.5 0 0 1 -1.5,1.5 1.5,1.5 0 0 1 -1.5,-1.5 1.5,1.5 0 0 1 1.5,-1.5 1.5,1.5 0 0 1 1.5,1.5
z

m -98.42002,0
a 1.5,1.5 0 0 1 -1.5,1.5 1.5,1.5 0 0 1 -1.5,-1.5 1.5,1.5 0 0 1 1.5,-1.5 1.5,1.5 0 0 1 1.5,1.5
z

m -22.81999,0
a 2.5,2.5 0 0 1 -2.5,2.5 2.5,2.5 0 0 1 -2.5,-2.5 2.5,2.5 0 0 1 2.5,-2.5 2.5,2.5 0 0 1 2.5,2.5
z

m -62.61999,5.998e-4
a 1.5,1.5 0 0 1 -1.5,1.5 1.5,1.5 0 0 1 -1.5,-1.5 1.5,1.5 0 0 1 1.5,-1.5 1.5,1.5 0 0 1 1.5,1.5
z

M 59.141998,7.2967
a 1.5,1.5 0 0 1 -1.5,1.5 1.5,1.5 0 0 1 -1.5,-1.5 1.5,1.5 0 0 1 1.5,-1.5 1.5,1.5 0 0 1 1.5,1.5
z

M 15.523,22.232
a 1.5,1.5 0 0 1 -1.5,1.5 1.5,1.5 0 0 1 -1.5,-1.5 1.5,1.5 0 0 1 1.5,-1.5 1.5,1.5 0 0 1 1.5,1.5
z

M 7.3631001,44.682999
H 22.2801
v 15.25
H 7.3631001
Z

m 23.7888999,0
h 14.917
v 15.25
H 31.152
Z

m 18.974999,-0.005
h 14.917
v 15.25
h -14.917
z

m 18.974998,0
h 14.917
v 15.25
h -14.917
z

m 19.035004,0
H 103.054
v 15.25
H 88.137001
Z

m 18.972999,0
h 14.917
v 15.25
H 107.11
Z

m 18.98,0
h 14.917
v 15.25
H 126.09
Z

m 19.04,0
h 14.917
v 15.25
H 145.13
Z

m 18.97001,0
h 14.917
v 15.25
h -14.917
z

m 19.03999,0
h 14.917
v 15.25
H 183.14
Z

m 18.97,0
h 14.917
v 15.25
H 202.11
Z

m 18.98,0
h 14.917
v 15.25
H 221.09
Z

m 19.04,0
h 14.917
v 15.25
H 240.13
Z

m 50.78,-0.013
h 14.917
v 15.25
H 290.91
Z

m 18.97,-0.005
h 14.917
V 59.91
H 309.88
Z

m -46.91,0.007
v 16.864
h -18.78
v 17.474
h -1.911
v 3.7336
h -7.276
v 14.739
h 15.102
V 97.476
h 27.42
V 78.647
h 3.7817
V 44.668
Z

M 9.9384,63.725
v 14.757
h 14.434
v -6.7717
h 4.8121
a 3.0686,3.1181 0 0 0 0.53744,0.04806 3.0686,3.1181 0 0 0 0.53744,-0.04806
h 0.16278
v -0.03411
a 3.0686,3.1181 0 0 0 2.3683,-3.036 3.0686,3.1181 0 0 0 -2.3683,-3.0355
v -0.03152
h -0.14779
a 3.0686,3.1181 0 0 0 -0.55242,-0.05064 3.0686,3.1181 0 0 0 -0.5519,0.05064
h -4.7976
v -1.8485
z

M 35.799,63.664
h 14.917
v 15.25
H 35.799
Z

M 54.773998,63.66
h 14.917
v 15.25
h -14.917
z

m 18.975003,0
H 88.666
V 78.91
H 73.749001
Z

m 19.034996,0
H 107.701
V 78.91
H 92.783997
Z

m 18.976003,0
h 14.917
V 78.91
H 111.76
Z

m 18.98001,0
h 14.917
v 15.25
h -14.917
z

m 19.02999,0
h 14.917
V 78.91
H 149.77
Z

m 18.98,0
h 14.917
V 78.91
H 168.75
Z

m 19.03,0
h 14.917
V 78.91
H 187.78
Z

m 18.97999,0
h 14.917
v 15.25
h -14.917
z

m 18.98002,0
h 14.917
v 15.25
h -14.917
z

M 5.6464,9.768e-4
h 334.85
c 1.2778,0 1.4605,1.4669 2.0037,1.999 0.57361,0.56192 3.6411,0.12997 3.6411,1
V 19.979977
c -1.5328,0.10737 -3.139,0.01987 -4.2474,1.0779 -0.89156,1.7375 0.10844,4.6065 -0.89156,4.6065
l -12.141,-0.0044
v 15.25
l 11.141,0.0044
c 1.3333,1.1451 1.3333,2.3999 0,3.7645
l -11.141,-0.01857
v 15.25
l 17.28,0.01858
v 7.4854
c -0.13899,1.1111 -0.47798,1.586 -2.139,1.5488 -2.3479,0.60219 -3,3.0372 -0.40763,4.0372 1.3513,0.34632 2.2002,1.013 2.5466,2
v 13
c -2.3408,-0.04477 -3.715,0.30702 -4.1226,1.0554 -0.89847,1.1306 -0.85513,2.1869 0.13003,3.1688 1.2503,0.55475 1.5752,1.1639 1.8536,1.7758 0.10794,0.27485 0.0124,0.75563 -0.28657,1.4424 -0.96502,0.84704 -2.4904,1.2045 -1.0679,3.6437 1.9428,1.010803 3.4604,1.597803 3.4935,3.507003
v 13.715
c 0,1.6615 -1.3376,2.999 -2.999,2.999
h -340.14
c -1.6615,0 -2.999,-1.3376 -2.999,-2.999
l -0.0015298,-5.779
h 4.8601
l 0.090644,6.4367 14.8269998,0.073
v -15.25
l -13.7189998,-4.2e-4
c -1.3082,-0.78867 -0.25862,-2.382203 -1.3647,-3.351703 -1.1102,-1.437 -1.7444,0.34691 -4.6921,-1.7332
v -50.305
c 0.0040379,-1.1502 3.3869,-0.68759 4.4097,-1.7517 0.89207,-1.0374 0.22705,-3.2157 1.7609,-3.7281
l 11.4219998,1.28e-4
v -15.25
L 7.1232842,25.668813
c -2.8627,-1.3774 -1.9012,-2.7741 -3.1209,-4.6686 -0.56598,-1.6329 -3.632,-0.23342 -3.9985,-1.9108
V 3.5294128
c 0,-0.83058 2.9296,-0.78675 3.4715,-1.3288 0.5421,-0.54225 1.3425,-2.1994 2.1734,-2.1994
z

M 4.9993,80.176003
H 41.093302
V 97.888002
H 4.9993
Z

m 40.3057,2.470001
h 14.917
v 15.25
H 45.305
Z

m 18.974999,-0.004
h 14.917
v 15.25
h -14.917
z

m 18.973999,0
h 14.917
v 15.25
h -14.917
z

m 19.036002,0
h 14.917
v 15.25
H 102.29
Z

m 18.97,0
h 14.917
v 15.25
H 121.26
Z

m 18.98001,0
h 14.917
v 15.25
h -14.917
z

m 19.03999,0
h 14.917
v 15.25
H 159.28
Z

m 18.97,0
h 14.917
v 15.25
H 178.25
Z

m 19.03999,0
h 14.917
v 15.25
h -14.917
z

m 18.97,0
h 14.917
v 15.25
h -14.917
z

M 73.748,99.35
v 17.689
l 14.948,-5.3e-4
v -12.714
h 8.6393
v 9.9549
h 7.6042
v -9.9549
h 18.476
v 12.714
c 6.5843,-0.0383 12.584,-0.0383 15.241,0
v -12.714
h 18.476
v 9.9549
h 7.6042
v -9.9549
h 8.6393
v 12.714
l 15.294,5.3e-4
V 99.35
Z

m -45.087001,2.44
h 14.917
v 15.25
h -14.917
z

m 23.802002,0
h 14.917
v 15.25
h -14.917
z

m 142.466989,0
h 14.917
v 15.25
h -14.917
z

m 23.80001,0
h 14.917
v 15.25
H 218.73
Z

m 23.8,0
h 14.917
v 15.25
H 242.53
Z

m 23.79999,0
h 14.917
v 15.25
h -14.917
z

m 24.58001,0
h 14.917
v 15.25
H 290.91
Z

m 18.97,-0.01
h 14.917
v 15.25
H 309.88
Z

m 18.97999,0
h 14.917
v 15.25
h -14.917
z

m 21.652,25.665001
h 14.917
v 15.25
H 21.652
Z

m 18.974999,0
h 14.917
v 15.25
h -14.917
z

m 19.035,0
h 14.917
v 15.25
h -14.917
z

m 18.975002,0
h 14.917
v 15.25
h -14.917
z

m 18.979996,0
H 112.534
v 15.25
H 97.616997
Z

m 19.033003,0
h 14.917
v 15.25
H 116.65
Z

m 18.98,0
h 14.917
v 15.25
H 135.63
Z

m 19.03,0
h 14.917
v 15.25
H 154.66
Z

m 18.98,0
h 14.917
v 15.25
H 173.64
Z

m 18.98,0
h 14.91699
v 15.25
H 192.62
Z

m 19.02999,0
h 14.917
v 15.25
h -14.917
z

m 18.98001,0
h 14.917
v 15.25
H 230.63
Z

M 248.83,22.816
h 34.754
V 40.914
H 248.83
Z

m 42.08,2.848
h 14.917
v 15.25
H 290.91
Z

m 18.97,-0.004
h 14.917
V 40.91
H 309.88
Z

M 2.7302999,3.1965001
H 17.6473
V 18.4465
H 2.7302999
Z

M 40.681,3.2004001
H 55.598
V 18.4504
H 40.681
Z

m 18.974998,-0.0044
h 14.917
V 18.446
h -14.917
z

m 18.974999,0
h 14.917
V 18.446
h -14.917
z

m 19.035003,0
h 14.917
V 18.446
H 97.666
Z

m 28.384,0.0044
h 14.917
V 18.4504
H 126.05
Z

m 18.97,-0.0044
h 14.917
V 18.446
H 145.02
Z

m 18.98,0
h 14.917
V 18.446
H 164
Z

m 19.03,0
h 14.917
V 18.446
H 183.03
Z

m 28.38,0.0044
h 14.917
V 18.4504
H 211.41
Z

m 18.98,-0.0044
h 14.917
V 18.446
H 230.39
Z

m 18.97,0
h 14.917
V 18.446
H 249.36
Z

m 19.03999,0
h 14.917
V 18.446
h -14.917
z

m 22.49002,0.0044
h 14.917
V 18.4504
h -14.917
z

m 18.96998,-0.0044
h 14.917
V 18.446
h -14.917
z

m 18.98001,0
h 14.917
V 18.446
H 328.84
Z

M 306.2636,64.799004
h 3.3898
c 1.94653,0 3.5136,1.567065 3.5136,3.5136
v 9.9e-5
c 0,1.946535 -1.56707,3.5136 -3.5136,3.5136
h -3.3898
c -1.94653,0 -3.5136,-1.567065 -3.5136,-3.5136
v -9.9e-5
c 0,-1.946535 1.56707,-3.5136 3.5136,-3.5136
z

M 168.14999,68.555
a 1.5,1.5 0 0 1 -1.5,1.5 1.5,1.5 0 0 1 -1.5,-1.5 1.5,1.5 0 0 1 1.5,-1.5 1.5,1.5 0 0 1 1.5,1.5
z

M 7.6739998,71.281998
a 1.5,1.5 0 0 1 -1.5,1.5 1.5,1.5 0 0 1 -1.5,-1.5 1.5,1.5 0 0 1 1.5,-1.5 1.5,1.5 0 0 1 1.5,1.5
z

M 26.608999,101.57
a 2.5,2.5 0 0 1 -2.5,2.5 2.5,2.5 0 0 1 -2.5,-2.5 2.5,2.5 0 0 1 2.5,-2.5 2.5,2.5 0 0 1 2.5,2.5
z

M 106.31,56.328999
a 1.5,1.5 0 0 1 -1.5,1.5 1.5,1.5 0 0 1 -1.5,-1.5 1.5,1.5 0 0 1 1.5,-1.5 1.5,1.5 0 0 1 1.5,1.5
z

m 133.03,0
a 1.5,1.5 0 0 1 -1.5,1.5 1.5,1.5 0 0 1 -1.5,-1.5 1.5,1.5 0 0 1 1.5,-1.5 1.5,1.5 0 0 1 1.5,1.5
z

M 328.35001,52
a 1.5,1.5 0 0 1 -1.5,1.5 1.5,1.5 0 0 1 -1.5,-1.5 1.5,1.5 0 0 1 1.5,-1.5 1.5,1.5 0 0 1 1.5,1.5
z

M 335.16,86.580002
a 2.5,2.5 0 0 1 -2.5,2.5 2.5,2.5 0 0 1 -2.5,-2.5 2.5,2.5 0 0 1 2.5,-2.5 2.5,2.5 0 0 1 2.5,2.5
z

M 328.35001,112.81
a 1.5,1.5 0 0 1 -1.5,1.5 1.5,1.5 0 0 1 -1.5,-1.5 1.5,1.5 0 0 1 1.5,-1.5 1.5,1.5 0 0 1 1.5,1.5
z

m -64.93,0
a 1.5,1.5 0 0 1 -1.5,1.5 1.5,1.5 0 0 1 -1.5,-1.5 1.5,1.5 0 0 1 1.5,-1.5 1.5,1.5 0 0 1 1.5,1.5
z

m -47.79001,0
a 1.5,1.5 0 0 1 -1.5,1.5 1.5,1.5 0 0 1 -1.5,-1.5 1.5,1.5 0 0 1 1.5,-1.5 1.5,1.5 0 0 1 1.5,1.5
z

m -61.66999,0
a 1.5,1.5 0 0 1 -1.5,1.5 1.5,1.5 0 0 1 -1.5,-1.5 1.5,1.5 0 0 1 1.5,-1.5 1.5,1.5 0 0 1 1.5,1.5
z

m -33.26001,0
a 1.5,1.5 0 0 1 -1.5,1.5 1.5,1.5 0 0 1 -1.5,-1.5 1.5,1.5 0 0 1 1.5,-1.5 1.5,1.5 0 0 1 1.5,1.5
z

m -47.628001,0
a 1.5,1.5 0 0 1 -1.5,1.5 1.5,1.5 0 0 1 -1.5,-1.5 1.5,1.5 0 0 1 1.5,-1.5 1.5,1.5 0 0 1 1.5,1.5
z

m -47.463,0
a 1.5,1.5 0 0 1 -1.5,1.5 1.5,1.5 0 0 1 -1.5,-1.5 1.5,1.5 0 0 1 1.5,-1.5 1.5,1.5 0 0 1 1.5,1.5
z

M 328.35001,7.4101
a 1.5,1.5 0 0 1 -1.5,1.5 1.5,1.5 0 0 1 -1.5,-1.5 1.5,1.5 0 0 1 1.5,-1.5 1.5,1.5 0 0 1 1.5,1.5
z

m -98.42002,0
a 1.5,1.5 0 0 1 -1.5,1.5 1.5,1.5 0 0 1 -1.5,-1.5 1.5,1.5 0 0 1 1.5,-1.5 1.5,1.5 0 0 1 1.5,1.5
z

m -22.81999,0
a 2.5,2.5 0 0 1 -2.5,2.5 2.5,2.5 0 0 1 -2.5,-2.5 2.5,2.5 0 0 1 2.5,-2.5 2.5,2.5 0 0 1 2.5,2.5
z

m -62.61999,5.998e-4
a 1.5,1.5 0 0 1 -1.5,1.5 1.5,1.5 0 0 1 -1.5,-1.5 1.5,1.5 0 0 1 1.5,-1.5 1.5,1.5 0 0 1 1.5,1.5
z

M 59.141998,7.2967
a 1.5,1.5 0 0 1 -1.5,1.5 1.5,1.5 0 0 1 -1.5,-1.5 1.5,1.5 0 0 1 1.5,-1.5 1.5,1.5 0 0 1 1.5,1.5
z

M 15.523,22.232
a 1.5,1.5 0 0 1 -1.5,1.5 1.5,1.5 0 0 1 -1.5,-1.5 1.5,1.5 0 0 1 1.5,-1.5 1.5,1.5 0 0 1 1.5,1.5
z

M 7.3631001,44.682999
H 22.2801
v 15.25
H 7.3631001
Z

m 23.7888999,0
h 14.917
v 15.25
H 31.152
Z

m 18.974999,-0.005
h 14.917
v 15.25
h -14.917
z

m 18.974998,0
h 14.917
v 15.25
h -14.917
z

m 19.035004,0
H 103.054
v 15.25
H 88.137001
Z

m 18.972999,0
h 14.917
v 15.25
H 107.11
Z

m 18.98,0
h 14.917
v 15.25
H 126.09
Z

m 19.04,0
h 14.917
v 15.25
H 145.13
Z

m 18.97001,0
h 14.917
v 15.25
h -14.917
z

m 19.03999,0
h 14.917
v 15.25
H 183.14
Z

m 18.97,0
h 14.917
v 15.25
H 202.11
Z

m 18.98,0
h 14.917
v 15.25
H 221.09
Z

m 19.04,0
h 14.917
v 15.25
H 240.13
Z

m 50.78,-0.013
h 14.917
v 15.25
H 290.91
Z

m 18.97,-0.005
h 14.917
V 59.91
H 309.88
Z

m -46.91,0.007
v 16.864
h -18.78
v 17.474
h -1.911
v 3.7336
h -7.276
v 14.739
h 15.102
V 97.476
h 27.42
V 78.647
h 3.7817
V 44.668
Z

M 9.9384,63.725
v 14.757
h 14.434
v -6.7717
h 4.8121
a 3.0686,3.1181 0 0 0 0.53744,0.04806 3.0686,3.1181 0 0 0 0.53744,-0.04806
h 0.16278
v -0.03411
a 3.0686,3.1181 0 0 0 2.3683,-3.036 3.0686,3.1181 0 0 0 -2.3683,-3.0355
v -0.03152
h -0.14779
a 3.0686,3.1181 0 0 0 -0.55242,-0.05064 3.0686,3.1181 0 0 0 -0.5519,0.05064
h -4.7976
v -1.8485
z

M 35.799,63.664
h 14.917
v 15.25
H 35.799
Z

M 54.773998,63.66
h 14.917
v 15.25
h -14.917
z

m 18.975003,0
H 88.666
V 78.91
H 73.749001
Z

m 19.034996,0
H 107.701
V 78.91
H 92.783997
Z

m 18.976003,0
h 14.917
V 78.91
H 111.76
Z

m 18.98001,0
h 14.917
v 15.25
h -14.917
z

m 19.02999,0
h 14.917
V 78.91
H 149.77
Z

m 18.98,0
h 14.917
V 78.91
H 168.75
Z

m 19.03,0
h 14.917
V 78.91
H 187.78
Z

m 18.97999,0
h 14.917
v 15.25
h -14.917
z

m 18.98002,0
h 14.917
v 15.25
h -14.917
z

M 5.6464,9.768e-4
h 334.85
c 1.2778,0 1.4605,1.4669 2.0037,1.999 0.57361,0.56192 3.6411,0.12997 3.6411,1
V 19.979977
c -1.5328,0.10737 -3.139,0.01987 -4.2474,1.0779 -0.89156,1.7375 0.10844,4.6065 -0.89156,4.6065
l -12.141,-0.0044
v 15.25
l 11.141,0.0044
c 1.3333,1.1451 1.3333,2.3999 0,3.7645
l -11.141,-0.01857
v 15.25
l 17.28,0.01858
v 7.4854
c -0.13899,1.1111 -0.47798,1.586 -2.139,1.5488 -2.3479,0.60219 -3,3.0372 -0.40763,4.0372 1.3513,0.34632 2.2002,1.013 2.5466,2
v 13
c -2.3408,-0.04477 -3.715,0.30702 -4.1226,1.0554 -0.89847,1.1306 -0.85513,2.1869 0.13003,3.1688 1.2503,0.55475 1.5752,1.1639 1.8536,1.7758 0.10794,0.27485 0.0124,0.75563 -0.28657,1.4424 -0.96502,0.84704 -2.4904,1.2045 -1.0679,3.6437 1.9428,1.010803 3.4604,1.597803 3.4935,3.507003
v 13.715
c 0,1.6615 -1.3376,2.999 -2.999,2.999
h -340.14
c -1.6615,0 -2.999,-1.3376 -2.999,-2.999
l -0.0015298,-5.779
h 4.8601
l 0.090644,6.4367 14.8269998,0.073
v -15.25
l -13.7189998,-4.2e-4
c -1.3082,-0.78867 -0.25862,-2.382203 -1.3647,-3.351703 -1.1102,-1.437 -1.7444,0.34691 -4.6921,-1.7332
v -50.305
c 0.0040379,-1.1502 3.3869,-0.68759 4.4097,-1.7517 0.89207,-1.0374 0.22705,-3.2157 1.7609,-3.7281
l 11.4219998,1.28e-4
v -15.25
L 7.1232842,25.668813
c -2.8627,-1.3774 -1.9012,-2.7741 -3.1209,-4.6686 -0.56598,-1.6329 -3.632,-0.23342 -3.9985,-1.9108
V 3.5294128
c 0,-0.83058 2.9296,-0.78675 3.4715,-1.3288 0.5421,-0.54225 1.3425,-2.1994 2.1734,-2.1994
z

M 4.9993,80.176003
H 41.093302
V 97.888002
H 4.9993
Z

m 40.3057,2.470001
h 14.917
v 15.25
H 45.305
Z

m 18.974999,-0.004
h 14.917
v 15.25
h -14.917
z

m 18.973999,0
h 14.917
v 15.25
h -14.917
z

m 19.036002,0
h 14.917
v 15.25
H 102.29
Z

m 18.97,0
h 14.917
v 15.25
H 121.26
Z

m 18.98001,0
h 14.917
v 15.25
h -14.917
z

m 19.03999,0
h 14.917
v 15.25
H 159.28
Z

m 18.97,0
h 14.917
v 15.25
H 178.25
Z

m 19.03999,0
h 14.917
v 15.25
h -14.917
z

m 18.97,0
h 14.917
v 15.25
h -14.917
z

M 73.748,99.35
v 17.689
l 14.948,-5.3e-4
v -12.714
h 8.6393
v 9.9549
h 7.6042
v -9.9549
h 18.476
v 12.714
c 6.5843,-0.0383 12.584,-0.0383 15.241,0
v -12.714
h 18.476
v 9.9549
h 7.6042
v -9.9549
h 8.6393
v 12.714
l 15.294,5.3e-4
V 99.35
Z

m -45.087001,2.44
h 14.917
v 15.25
h -14.917
z

m 23.802002,0
h 14.917
v 15.25
h -14.917
z

m 142.466989,0
h 14.917
v 15.25
h -14.917
z

m 23.80001,0
h 14.917
v 15.25
H 218.73
Z

m 23.8,0
h 14.917
v 15.25
H 242.53
Z

m 23.79999,0
h 14.917
v 15.25
h -14.917
z

m 24.58001,0
h 14.917
v 15.25
H 290.91
Z

m 18.97,-0.01
h 14.917
v 15.25
H 309.88
Z

m 18.97999,0
h 14.917
v 15.25
h -14.917
z

m 21.652,25.665001
h 14.917
v 15.25
H 21.652
Z

m 21.652,25.665001
h 14.917
v 15.25
H 21.652
Z

m 18.974999,0
h 14.917
v 15.25
h -14.917
z

m 19.035,0
h 14.917
v 15.25
h -14.917
z

m 18.975002,0
h 14.917
v 15.25
h -14.917
z

m 18.979996,0
H 112.534
v 15.25
H 97.616997
Z

m 19.033003,0
h 14.917
v 15.25
H 116.65
Z

m 18.98,0
h 14.917
v 15.25
H 135.63
Z

m 19.03,0
h 14.917
v 15.25
H 154.66
Z

m 18.98,0
h 14.917
v 15.25
H 173.64
Z

m 18.98,0
h 14.91699
v 15.25
H 192.62
Z

m 19.02999,0
h 14.917
v 15.25
h -14.917
z

m 18.98001,0
h 14.917
v 15.25
H 230.63
Z

M 248.83,22.816
h 34.754
V 40.914
H 248.83
Z

m 42.08,2.848
h 14.917
v 15.25
H 290.91
Z

m 18.97,-0.004
h 14.917
V 40.91
H 309.88
Z

M 2.7302999,3.1965001
H 17.6473
V 18.4465
H 2.7302999
Z

M 40.681,3.2004001
H 55.598
V 18.4504
H 40.681
Z

m 18.974998,-0.0044
h 14.917
V 18.446
h -14.917
z

m 18.974999,0
h 14.917
V 18.446
h -14.917
z

m 19.035003,0
h 14.917
V 18.446
H 97.666
Z

m 28.384,0.0044
h 14.917
V 18.4504
H 126.05
Z

m 18.97,-0.0044
h 14.917
V 18.446
H 145.02
Z

m 18.98,0
h 14.917
V 18.446
H 164
Z

m 19.03,0
h 14.917
V 18.446
H 183.03
Z

m 28.38,0.0044
h 14.917
V 18.4504
H 211.41
Z

m 18.98,-0.0044
h 14.917
V 18.446
H 230.39
Z

m 18.97,0
h 14.917
V 18.446
H 249.36
Z

m 19.03999,0
h 14.917
V 18.446
h -14.917
z

m 22.49002,0.0044
h 14.917
V 18.4504
h -14.917
z

m 18.96998,-0.0044
h 14.917
V 18.446
h -14.917
z

m 18.98001,0
h 14.917
V 18.446
H 328.84
Z

M 306.2636,64.799004
h 3.3898
c 1.94653,0 3.5136,1.567065 3.5136,3.5136
v 9.9e-5
c 0,1.946535 -1.56707,3.5136 -3.5136,3.5136
h -3.3898
c -1.94653,0 -3.5136,-1.567065 -3.5136,-3.5136
v -9.9e-5
c 0,-1.946535 1.56707,-3.5136 3.5136,-3.5136
z

M 168.14999,68.555
a 1.5,1.5 0 0 1 -1.5,1.5 1.5,1.5 0 0 1 -1.5,-1.5 1.5,1.5 0 0 1 1.5,-1.5 1.5,1.5 0 0 1 1.5,1.5
z

M 7.6739998,71.281998
a 1.5,1.5 0 0 1 -1.5,1.5 1.5,1.5 0 0 1 -1.5,-1.5 1.5,1.5 0 0 1 1.5,-1.5 1.5,1.5 0 0 1 1.5,1.5
z

M 26.608999,101.57
a 2.5,2.5 0 0 1 -2.5,2.5 2.5,2.5 0 0 1 -2.5,-2.5 2.5,2.5 0 0 1 2.5,-2.5 2.5,2.5 0 0 1 2.5,2.5
z

M 106.31,56.328999
a 1.5,1.5 0 0 1 -1.5,1.5 1.5,1.5 0 0 1 -1.5,-1.5 1.5,1.5 0 0 1 1.5,-1.5 1.5,1.5 0 0 1 1.5,1.5
z

m 133.03,0
a 1.5,1.5 0 0 1 -1.5,1.5 1.5,1.5 0 0 1 -1.5,-1.5 1.5,1.5 0 0 1 1.5,-1.5 1.5,1.5 0 0 1 1.5,1.5
z

M 328.35001,52
a 1.5,1.5 0 0 1 -1.5,1.5 1.5,1.5 0 0 1 -1.5,-1.5 1.5,1.5 0 0 1 1.5,-1.5 1.5,1.5 0 0 1 1.5,1.5
z

M 335.16,86.580002
a 2.5,2.5 0 0 1 -2.5,2.5 2.5,2.5 0 0 1 -2.5,-2.5 2.5,2.5 0 0 1 2.5,-2.5 2.5,2.5 0 0 1 2.5,2.5
z

M 328.35001,112.81
a 1.5,1.5 0 0 1 -1.5,1.5 1.5,1.5 0 0 1 -1.5,-1.5 1.5,1.5 0 0 1 1.5,-1.5 1.5,1.5 0 0 1 1.5,1.5
z

m -64.93,0
a 1.5,1.5 0 0 1 -1.5,1.5 1.5,1.5 0 0 1 -1.5,-1.5 1.5,1.5 0 0 1 1.5,-1.5 1.5,1.5 0 0 1 1.5,1.5
z

m -47.79001,0
a 1.5,1.5 0 0 1 -1.5,1.5 1.5,1.5 0 0 1 -1.5,-1.5 1.5,1.5 0 0 1 1.5,-1.5 1.5,1.5 0 0 1 1.5,1.5
z

m -61.66999,0
a 1.5,1.5 0 0 1 -1.5,1.5 1.5,1.5 0 0 1 -1.5,-1.5 1.5,1.5 0 0 1 1.5,-1.5 1.5,1.5 0 0 1 1.5,1.5
z

m -33.26001,0
a 1.5,1.5 0 0 1 -1.5,1.5 1.5,1.5 0 0 1 -1.5,-1.5 1.5,1.5 0 0 1 1.5,-1.5 1.5,1.5 0 0 1 1.5,1.5
z

m -47.628001,0
a 1.5,1.5 0 0 1 -1.5,1.5 1.5,1.5 0 0 1 -1.5,-1.5 1.5,1.5 0 0 1 1.5,-1.5 1.5,1.5 0 0 1 1.5,1.5
z

m -47.463,0
a 1.5,1.5 0 0 1 -1.5,1.5 1.5,1.5 0 0 1 -1.5,-1.5 1.5,1.5 0 0 1 1.5,-1.5 1.5,1.5 0 0 1 1.5,1.5
z

M 328.35001,7.4101
a 1.5,1.5 0 0 1 -1.5,1.5 1.5,1.5 0 0 1 -1.5,-1.5 1.5,1.5 0 0 1 1.5,-1.5 1.5,1.5 0 0 1 1.5,1.5
z

m -98.42002,0
a 1.5,1.5 0 0 1 -1.5,1.5 1.5,1.5 0 0 1 -1.5,-1.5 1.5,1.5 0 0 1 1.5,-1.5 1.5,1.5 0 0 1 1.5,1.5
z

m -22.81999,0
a 2.5,2.5 0 0 1 -2.5,2.5 2.5,2.5 0 0 1 -2.5,-2.5 2.5,2.5 0 0 1 2.5,-2.5 2.5,2.5 0 0 1 2.5,2.5
z

m -62.61999,5.998e-4
a 1.5,1.5 0 0 1 -1.5,1.5 1.5,1.5 0 0 1 -1.5,-1.5 1.5,1.5 0 0 1 1.5,-1.5 1.5,1.5 0 0 1 1.5,1.5
z

M 59.141998,7.2967
a 1.5,1.5 0 0 1 -1.5,1.5 1.5,1.5 0 0 1 -1.5,-1.5 1.5,1.5 0 0 1 1.5,-1.5 1.5,1.5 0 0 1 1.5,1.5
z

M 15.523,22.232
a 1.5,1.5 0 0 1 -1.5,1.5 1.5,1.5 0 0 1 -1.5,-1.5 1.5,1.5 0 0 1 1.5,-1.5 1.5,1.5 0 0 1 1.5,1.5
z

M 7.3631001,44.682999
H 22.2801
v 15.25
H 7.3631001
Z

m 23.7888999,0
h 14.917
v 15.25
H 31.152
Z

m 18.974999,-0.005
h 14.917
v 15.25
h -14.917
z

m 18.974998,0
h 14.917
v 15.25
h -14.917
z

m 19.035004,0
H 103.054
v 15.25
H 88.137001
Z

m 18.972999,0
h 14.917
v 15.25
H 107.11
Z

m 18.98,0
h 14.917
v 15.25
H 126.09
Z

m 19.04,0
h 14.917
v 15.25
H 145.13
Z

m 18.97001,0
h 14.917
v 15.25
h -14.917
z

m 19.03999,0
h 14.917
v 15.25
H 183.14
Z

m 18.97,0
h 14.917
v 15.25
H 202.11
Z

m 18.98,0
h 14.917
v 15.25
H 221.09
Z

m 19.04,0
h 14.917
v 15.25
H 240.13
Z

m 50.78,-0.013
h 14.917
v 15.25
H 290.91
Z

m 18.97,-0.005
h 14.917
V 59.91
H 309.88
Z

m -46.91,0.007
v 16.864
h -18.78
v 17.474
h -1.911
v 3.7336
h -7.276
v 14.739
h 15.102
V 97.476
h 27.42
V 78.647
h 3.7817
V 44.668
Z

M 9.9384,63.725
v 14.757
h 14.434
v -6.7717
h 4.8121
a 3.0686,3.1181 0 0 0 0.53744,0.04806 3.0686,3.1181 0 0 0 0.53744,-0.04806
h 0.16278
v -0.03411
a 3.0686,3.1181 0 0 0 2.3683,-3.036 3.0686,3.1181 0 0 0 -2.3683,-3.0355
v -0.03152
h -0.14779
a 3.0686,3.1181 0 0 0 -0.55242,-0.05064 3.0686,3.1181 0 0 0 -0.5519,0.05064
h -4.7976
v -1.8485
z

M 35.799,63.664
h 14.917
v 15.25
H 35.799
Z

M 54.773998,63.66
h 14.917
v 15.25
h -14.917
z

m 18.975003,0
H 88.666
V 78.91
H 73.749001
Z

m 19.034996,0
H 107.701
V 78.91
H 92.783997
Z

m 18.976003,0
h 14.917
V 78.91
H 111.76
Z

m 18.98001,0
h 14.917
v 15.25
h -14.917
z

m 19.02999,0
h 14.917
V 78.91
H 149.77
Z

m 18.98,0
h 14.917
V 78.91
H 168.75
Z

m 19.03,0
h 14.917
V 78.91
H 187.78
Z

m 18.97999,0
h 14.917
v 15.25
h -14.917
z

m 18.98002,0
h 14.917
v 15.25
h -14.917
z

M 5.6464,9.768e-4
h 334.85
c 1.2778,0 1.4605,1.4669 2.0037,1.999 0.57361,0.56192 3.6411,0.12997 3.6411,1
V 19.979977
c -1.5328,0.10737 -3.139,0.01987 -4.2474,1.0779 -0.89156,1.7375 0.10844,4.6065 -0.89156,4.6065
l -12.141,-0.0044
v 15.25
l 11.141,0.0044
c 1.3333,1.1451 1.3333,2.3999 0,3.7645
l -11.141,-0.01857
v 15.25
l 17.28,0.01858
v 7.4854
c -0.13899,1.1111 -0.47798,1.586 -2.139,1.5488 -2.3479,0.60219 -3,3.0372 -0.40763,4.0372 1.3513,0.34632 2.2002,1.013 2.5466,2
v 13
c -2.3408,-0.04477 -3.715,0.30702 -4.1226,1.0554 -0.89847,1.1306 -0.85513,2.1869 0.13003,3.1688 1.2503,0.55475 1.5752,1.1639 1.8536,1.7758 0.10794,0.27485 0.0124,0.75563 -0.28657,1.4424 -0.96502,0.84704 -2.4904,1.2045 -1.0679,3.6437 1.9428,1.010803 3.4604,1.597803 3.4935,3.507003
v 13.715
c 0,1.6615 -1.3376,2.999 -2.999,2.999
h -340.14
c -1.6615,0 -2.999,-1.3376 -2.999,-2.999
l -0.0015298,-5.779
h 4.8601
l 0.090644,6.4367 14.8269998,0.073
v -15.25
l -13.7189998,-4.2e-4
c -1.3082,-0.78867 -0.25862,-2.382203 -1.3647,-3.351703 -1.1102,-1.437 -1.7444,0.34691 -4.6921,-1.7332
v -50.305
c 0.0040379,-1.1502 3.3869,-0.68759 4.4097,-1.7517 0.89207,-1.0374 0.22705,-3.2157 1.7609,-3.7281
l 11.4219998,1.28e-4
v -15.25
L 7.1232842,25.668813
c -2.8627,-1.3774 -1.9012,-2.7741 -3.1209,-4.6686 -0.56598,-1.6329 -3.632,-0.23342 -3.9985,-1.9108
V 3.5294128
c 0,-0.83058 2.9296,-0.78675 3.4715,-1.3288 0.5421,-0.54225 1.3425,-2.1994 2.1734,-2.1994
z

M 4.9993,80.176003
H 41.093302
V 97.888002
H 4.9993
Z

m 40.3057,2.470001
h 14.917
v 15.25
H 45.305
Z

m 18.974999,-0.004
h 14.917
v 15.25
h -14.917
z

m 18.973999,0
h 14.917
v 15.25
h -14.917
z

m 19.036002,0
h 14.917
v 15.25
H 102.29
Z

m 18.97,0
h 14.917
v 15.25
H 121.26
Z

m 18.98001,0
h 14.917
v 15.25
h -14.917
z

m 19.03999,0
h 14.917
v 15.25
H 159.28
Z

m 18.97,0
h 14.917
v 15.25
H 178.25
Z

m 19.03999,0
h 14.917
v 15.25
h -14.917
z

m 18.97,0
h 14.917
v 15.25
h -14.917
z

M 73.748,99.35
v 17.689
l 14.948,-5.3e-4
v -12.714
h 8.6393
v 9.9549
h 7.6042
v -9.9549
h 18.476
v 12.714
c 6.5843,-0.0383 12.584,-0.0383 15.241,0
v -12.714
h 18.476
v 9.9549
h 7.6042
v -9.9549
h 8.6393
v 12.714
l 15.294,5.3e-4
V 99.35
Z

m -45.087001,2.44
h 14.917
v 15.25
h -14.917
z

m 23.802002,0
h 14.917
v 15.25
h -14.917
z

m 142.466989,0
h 14.917
v 15.25
h -14.917
z

m 23.80001,0
h 14.917
v 15.25
H 218.73
Z

m 23.8,0
h 14.917
v 15.25
H 242.53
Z

m 23.79999,0
h 14.917
v 15.25
h -14.917
z

m 24.58001,0
h 14.917
v 15.25
H 290.91
Z

m 18.97,-0.01
h 14.917
v 15.25
H 309.88
Z

m 18.97999,0
h 14.917
v 15.25
h -14.917
z

